1.620000000000000000e+02
3.450000000000000000e+02
1.920000000000000000e+02
3.920000000000000000e+02
1.630000000000000000e+02
1.750000000000000000e+02
2.100000000000000000e+02
1.500000000000000000e+02
3.010000000000000000e+02
2.350000000000000000e+02
3.490000000000000000e+02
3.070000000000000000e+02
3.190000000000000000e+02
3.380000000000000000e+02
3.240000000000000000e+02
1.490000000000000000e+02
3.960000000000000000e+02
1.460000000000000000e+02
1.780000000000000000e+02
2.100000000000000000e+02
1.950000000000000000e+02
3.880000000000000000e+02
3.720000000000000000e+02
1.580000000000000000e+02
1.210000000000000000e+02
3.340000000000000000e+02
2.910000000000000000e+02
3.110000000000000000e+02
1.510000000000000000e+02
1.970000000000000000e+02
1.080000000000000000e+02
2.070000000000000000e+02
1.860000000000000000e+02
1.880000000000000000e+02
2.390000000000000000e+02
3.570000000000000000e+02
2.970000000000000000e+02
1.630000000000000000e+02
2.350000000000000000e+02
3.070000000000000000e+02
