2.180000000000000000e+02
3.050000000000000000e+02
3.290000000000000000e+02
2.390000000000000000e+02
1.770000000000000000e+02
1.260000000000000000e+02
1.620000000000000000e+02
3.370000000000000000e+02
1.210000000000000000e+02
1.420000000000000000e+02
3.680000000000000000e+02
3.180000000000000000e+02
3.030000000000000000e+02
3.410000000000000000e+02
3.120000000000000000e+02
3.420000000000000000e+02
2.130000000000000000e+02
2.780000000000000000e+02
1.930000000000000000e+02
1.010000000000000000e+02
2.320000000000000000e+02
1.290000000000000000e+02
2.870000000000000000e+02
1.940000000000000000e+02
3.010000000000000000e+02
3.210000000000000000e+02
3.910000000000000000e+02
1.600000000000000000e+02
1.340000000000000000e+02
2.890000000000000000e+02
2.600000000000000000e+02
1.880000000000000000e+02
1.520000000000000000e+02
2.870000000000000000e+02
3.090000000000000000e+02
2.370000000000000000e+02
1.880000000000000000e+02
2.930000000000000000e+02
1.570000000000000000e+02
3.620000000000000000e+02
