2.800000000000000000e+02
2.690000000000000000e+02
1.290000000000000000e+02
3.820000000000000000e+02
3.520000000000000000e+02
2.900000000000000000e+02
3.140000000000000000e+02
3.260000000000000000e+02
1.120000000000000000e+02
2.340000000000000000e+02
2.060000000000000000e+02
2.100000000000000000e+02
3.340000000000000000e+02
1.170000000000000000e+02
1.050000000000000000e+02
1.490000000000000000e+02
2.050000000000000000e+02
2.820000000000000000e+02
2.750000000000000000e+02
1.870000000000000000e+02
