3.600000000000000000e+02
1.820000000000000000e+02
3.430000000000000000e+02
1.360000000000000000e+02
2.690000000000000000e+02
3.760000000000000000e+02
2.600000000000000000e+02
3.660000000000000000e+02
1.310000000000000000e+02
3.710000000000000000e+02
1.220000000000000000e+02
1.700000000000000000e+02
1.630000000000000000e+02
1.940000000000000000e+02
3.700000000000000000e+02
2.940000000000000000e+02
1.570000000000000000e+02
2.470000000000000000e+02
1.080000000000000000e+02
2.360000000000000000e+02
2.210000000000000000e+02
3.680000000000000000e+02
2.480000000000000000e+02
3.000000000000000000e+02
3.020000000000000000e+02
3.000000000000000000e+02
2.600000000000000000e+02
2.430000000000000000e+02
2.100000000000000000e+02
1.350000000000000000e+02
2.900000000000000000e+02
2.710000000000000000e+02
2.000000000000000000e+02
3.560000000000000000e+02
2.300000000000000000e+02
2.930000000000000000e+02
2.730000000000000000e+02
3.150000000000000000e+02
3.550000000000000000e+02
3.570000000000000000e+02
