3.790000000000000000e+02
1.560000000000000000e+02
2.980000000000000000e+02
3.310000000000000000e+02
3.370000000000000000e+02
2.990000000000000000e+02
2.810000000000000000e+02
3.400000000000000000e+02
1.850000000000000000e+02
3.920000000000000000e+02
1.590000000000000000e+02
2.070000000000000000e+02
1.510000000000000000e+02
3.640000000000000000e+02
2.650000000000000000e+02
3.500000000000000000e+02
1.540000000000000000e+02
2.580000000000000000e+02
1.540000000000000000e+02
1.750000000000000000e+02
