1.150000000000000000e+02
1.640000000000000000e+02
2.960000000000000000e+02
1.250000000000000000e+02
3.260000000000000000e+02
3.820000000000000000e+02
2.530000000000000000e+02
2.040000000000000000e+02
1.220000000000000000e+02
3.650000000000000000e+02
2.950000000000000000e+02
2.260000000000000000e+02
3.790000000000000000e+02
2.550000000000000000e+02
1.830000000000000000e+02
2.660000000000000000e+02
2.360000000000000000e+02
3.880000000000000000e+02
3.660000000000000000e+02
3.790000000000000000e+02
